1346072045
1693479971
3371068648
1788630844
2439057620
2735982635
3732208343
2164412660
2092922683
3475263394
2007866987
1365045502
1701667213
112196947
1213487351
3100633929
2071600163
968376014
1945008668
2056139910
1933339922
1633701834
2341592084
1654979439
3326404113
662690082
3066899127
2091637880
1159396938
2298138015
2638349738
3175864834
545646413
1793907980
2960157297
634638326
4274654505
707847465
1451573054
1749517269
4173964319
4225174434
1167431143
3733067162
4200461896
1438465638
904439367
2742542970
1549325733
3836370716
958345791
4221879297
1440056250
3495171564
2132853614
2381959858
4090841902
1951246281
3759992783
3747904154
468383125
247329487
2909258624
13420129
1182671893
1235030030
772772995
4192512798
2003889966
4107929733
150549569
2541870531
983738291
2473555182
2917432597
993105462
3291559077
4056705057
2771083908
1455946292
3328865992
4124581372
1429410185
4178459423
1815778486
3354960326
405087690
1805801580
196840039
410577831
2201415080
3165050584
1097535098
1203294202
839997562
4020609574
1277252687
983394456
452899971
3209056102
4292220212
1164770572
3521316125
462588863
597925720
1684994238
744440490
4030840872
473816893
3957446710
2874942924
4244829704
392614583
4067341294
1870068162
2867045759
1867074816
3475138118
2248169840
4097476189
1328553248
238194451
2298350858
3989390412
1146159092
2005937160
2420841045
1149583407
2519695135
1481210310
1777180911
1584964469
37101638
1242684083
1701143459
2159724607
2692673025
674826619
3463453472
1780923815
3945772424
2547567063
56730624
619913404
2055614534
2175418062
1339995215
1212624516
811764692
1435343797
778396029
346351311
130900456
2887524107
3872842735
1842554426
2655456898
1018857290
1209411774
2429224952
3675826273
3567357497
21000648
691191930
1170247384
3405288970
183012624
2778294268
21010631
527524544
868705536
3977881991
2282301893
3827036113
2531083023
1960487500
1109205873
3713565469
4175597131
3337573865
2662241568
4157975906
488226317
826533143
2339194007
2615133284
1566138609
449502559
2425539040
2045952336
3617290594
141757141
3289586670
3785875179
3006218789
4173094892
757030783
3680670641
2788285858
1327134904
2832788176
2981979177
3120739928
1006771238
1797868536
3607831811
256647609
215140983
1438496976
218082872
576477103
1314931124
1175041568
1224582508
3796911026
1619079057
1371854107
547263874
203238685
4206627229
3691941004
2878485607
3157795469
3597400922
2681135856
201170510
3975077850
1583303375
1697184764
2715903044
1896887099
83098207
579102085
2491203071
1217144329
1487586390
1269630469
1546020486
2535511196
1473320778
2743900749
3642013310
358551312
1397701259
3644219641
3993962080
3102413196
594212470
1291785747
3442794699
162093906
1742693874
2908624799
3721444507
4262602769
52297482
4016871537
1995235565
2118354638
2650833356
1072306621
1093545559
1746563170
2427464661
4072997662
684765038
1594360981
3226994293
2920658992
4020495907
2322180548
1196727685
408507634
3029152002
2988936894
1765522232
2567989651
4148348355
672699150
4215598125
3156145631
51711050
3177572457
2724070692
3334555467
357040843
3357315882
1292172786
399388688
3074866686
2451610671
159728255
543939847
4055245837
3006726740
1865641685
380573173
500413207
2015203526
3191522709
203224616
2314750576
3494688484
639587286
1879154996
1649185047
1566772051
3125927648
3189292051
2839236990
620370498
4211679712
997090784
29452665
3885826980
2606837756
19399325
2375581780
1329431627
1821390271
1351685393
843795770
2452111897
712397828
3703108414
3220555086
3100620785
3515241949
58475656
2511245283
2656206869
997944878
2136178458
3382978019
3875794042
510268222
1287657267
2990791548
2234614909
3800854361
107381581
1847774721
4278936549
2724418876
1747894714
309510141
520113705
2431864987
2368415016
1943309846
2354288537
651716802
3347796738
3820222404
1748005824
29376227
1842363239
396366184
1186034870
1235812507
3295585992
2421549666
1542258897
3477728959
56992979
1801431597
2606730336
2037902480
3422379362
2539136526
323979996
2088245031
1233315672
3051659996
3142159590
1988214283
1656889379
3479248774
3220594326
307652521
3423699110
4069639668
3894432552
2997804192
2391676756
1880083105
3748936816
3065608758
468412440
1212408290
2291571089
3747076540
1874777858
3949799765
1681701323
1794629117
3542340642
532860132
3433575792
2499853563
3957064321
2977986956
1465365221
3455136391
1190498515
3375051568
3088994896
3737976434
1360999199
647266467
2647073821
362861121
1966537814
4244852464
3065752294
971241631
546729343
2405847869
2289910715
1545603840
3077052454
4196667157
491788921
1927096021
688993676
2580919932
1224640053
2951615891
1950149051
1767409240
3712118537
1554927504
485432919
1010365416
3405575122
1343405171
3795518578
1797059276
177606191
2124878817
3428998820
1423999076
941533992
1549030480
1648750060
423598674
580998991
2026325170
2938443957
2902628148
467825346
2767905538
3282110134
1734888932
3036862767
3689401964
1760311131
3946917129
2636019923
2735245048
994567509
2134015141
1277608218
1526020998
2151003964
3736236376
525390656
424364064
349183306
4211446898
3954076691
3231922522
2148008865
411701475
1346736065
2231409627
3889099466
1912458504
1208991141
107743048
2802205188
3300115753
1421806794
424948116
1672584823
3464753379
3282241292
1399541713
1832682190
2838953609
3204654573
2548473084
3543061685
610043417
887335632
969433133
3425214203
4275646728
3261958125
3061985504
496405504
1105766479
3155446744
174557747
4240092274
3792279981
2154089127
652728082
3004055876
2297750765
2788630552
1724483561
1914287172
3703220151
1936047614
3077683801
850977150
2353087065
1250804861
1585858750
3962996353
2404044951
807390548
2703518766
2796344520
3716878302
1573216526
99445194
1555741613
2735941264
3086281873
3269756783
477414207
359620876
3768640815
3612891363
2444828047
4160808785
1498990160
817941036
3259832307
3533934065
3925675596
3867916920
1546055871
2411014053
2280403562
3135776329
3781858154
427177645
3213948307
4137014741
1478351300
1039870649
686339050
3255178671
2435103732
1229465489
3088958509
2568280502
2509873471
3076393801
944086985
791669103
2950226773
285033709
869353044
2881900701
3337521653
1210437585
2652156538
3630606959
143133679
2747871172
867641433
4183262520
1996680585
1365932191
2613162042
1807555680
1985147096
2094226032
3338138254
3817610738
852404576
2596670251
3176743926
542181254
961277464
2702023264
869332947
1230704504
4166365249
637215963
2525383457
3965284152
619819379
536591535
381191439
4186230154
3968347008
4097404044
3811174925
3459082611
214322465
446048931
1690605694
2045770618
940427793
3201981542
2122184099
2008900959
1722006979
931570043
2558465252
1505832857
3891996385
3785603068
3366784093
3614473946
2327150546
1971689936
4249972937
2791045124
