1642045618
1932970466
241112400
200610537
733433256
482262436
1524505581
6112148478
981510515
413525642
1764080535
5937439261
852103638
434253528
1703996134
0102745403
689762826
123688970
285875383
157498546
1646083635
1272172752
494183249
058738889
537726996
051956436
735552918
305898094
1489184819
0108620966
1156784848
1578717227
1674825822
1571956759
1026371863
4153503672
1549377551
5767219487
931338419
723006305
1487240785
1048452951
1717051886
7184388672
671516059
884247897
1274573947
2924673148
238543277
089125492
1536035287
5398883147
587258981
264809918
1359898138
8308551787
1100845688
3369629730
670920706
852133515
1466461855
8984525829
1288470290
1307773036
1516099027
3906564155
1659221711
2828784140
1534583355
7044176635
1678575710
3074093211
1798398148
4933607768
1210327008
8628311787
1497856367
2570631754
189529201
913938920
438162667
425755212
699768405
451961783
1289862854
6828210866
894566088
642667436
765949826
548662994
1178123083
8912084373
1400642821
0180769617
1028448212
3492064123
1279199389
7234624218
1684665729
8294432185
454026471
226022298
1544690349
4861203358
706888891
401928630
551135264
151834361
116160867
766617794
807150989
516645503
1361254015
2581205228
693155678
329252602
909884667
070709382
258985848
962132757
460129675
617998665
640351493
651302578
1469627524
9125803890
1731041291
1882327998
185430489
024319661
1356578455
5331667781
1801208563
8667634322
1302129388
1232411336
1755695936
6784326034
1711576596
6606787388
756373569
325548214
623675154
913948478
1418754527
1155788390
617317021
143897220
152529965
957523037
1657547347
1451259584
1452376303
7274809608
1323490330
7546590354
819017344
353538011
1385151326
4334410784
1213608210
9303612274
665369051
608291131
697882714
127645768
1198359384
7160203874
102631825
698458611
144362902
246807466
169531096
092906765
1485156640
5039638304
120470996
535936436
413796209
207413113
280635502
060502033
1255468610
5353878001
232353121
291308288
474741928
984713775
807907690
150844919
202301035
859760230
580271926
467098780
646986100
792555389
1404060762
1898693715
182348249
087812505
1718241025
9291938542
601509721
536701654
787003874
950008434
499318234
851643999
1453805923
4913291116
836235118
780279728
153542937
509892412
129822223
618459759
608280010
062938080
354371382
406263353
1545588641
2704625120
113789402
930258845
1022382596
8711130472
1052591806
2081353938
852443004
440208034
1750280245
7643472897
635995649
203976569
1631520578
6057931802
795128716
576731353
1834491510
4213140698
1476668246
4863548860
1737007953
0975277663
700016332
684768511
747876779
980962029
529214109
997915027
831088652
496359772
1411380871
0251135146
1069725142
7810694803
697514010
875519032
1148112977
5425145210
1363532963
5493619004
1684894079
4329845365
981557897
117592241
955211783
043139802
189239695
349048420
224441126
482994191
1187410764
5920904323
822659209
651307124
140794738
031438882
281440538
874835716
146666319
756622173
1622153847
6806826320
297866670
589760212
1702543355
0959289609
66025467
85103267
1480539217
1627054205
559919973
948166271
451491874
560949169
1417098920
3461571079
1297695023
2989497421
1634706683
0003917989
1684448942
4352137213
415624743
415594736
777499844
374266872
305961846
352858298
388921498
356487031
1549338864
1819613409
1688708049
8733088478
1257314333
7627842993
754945674
244051802
409754442
760885393
1540856550
3753369642
1432826662
7708458784
1360162384
0038972301
1584026000
9273960981
1793966945
7261017442
756241684
602499252
1101296389
3152515992
1362185053
7490405361
491992278
944804161
1407732024
2114317176
1716474704
3364832821
1613515714
6986480594
214283627
800732200
1784333691
4481059372
558913180
384508962
1123435905
1001217681
309457127
533042513
1583516375
2915606542
1339957262
9443512160
120120668
236572486
955723107
316628818
1098477100
7193877106
844717085
038284996
1092493205
0391218711
589290937
922366847
1512322655
1330320943
171073169
946482490
326267585
120142727
407142614
964133528
874547722
679450710
1692399928
5300740546
1829060556
3417603821
1114578688
3111481581
1698128949
7441770609
676323989
193034621
143919819
729525902
1208292389
3983372880
310003331
573030652
915803564
816905217
1458775789
7951822225
1508871420
9804624270
676559129
722736043
237488455
623839125
363616345
806146780
385457389
251441413
1168682336
1618309971
882894469
212227986
391887661
953013021
489721099
630478188
348383682
710822306
1641410183
5971101167
1321051118
6556708435
126494980
660293534
453122833
792719147
1697756015
9564245944
377982986
006856787
859399768
145427938
1407617652
4486503117
982042428
914117356
1016456402
4439270508
433739474
495689280
509091930
319215561
310755249
549262663
779258817
818097504
866960731
456057170
109204029
020834332
588421419
497302164
817304494
290153166
310978509
227593164
555851172
335093228
829002659
147673972
872680926
073734886
1299058280
5828626710
1292452714
9058252047
1095090092
5329103080
1794747974
1724480073
1221502811
9135150973
1619282690
8255855724
764313770
715715272
1472188203
8325756255
254524209
279959240
481692981
950317443
418366757
518042956
982200585
072374027
1281524016
3881673720
450058232
935833923
359894891
697759967
1457555445
9205791013
747794458
872028031
802582662
994346574
1155474091
1645491661
1252196612
1657427871
795891294
085157819
544506820
249922354
1839665737
3085086762
363907954
811394211
1029254038
8180912211
872738871
282661311
163726460
182399921
576497934
953452731
1104367308
9568701266
908101659
126527136
678808520
037879108
236546569
710092662
479482042
053539446
1350514858
0854078905
485506649
575602539
1312448160
8088398357
1249646481
3063327304
1513820232
8152578648
1459147938
9800938978
1117429717
2359604839
929721612
126598013
794498882
242181167
186019704
976366649
897480947
943666316
738598006
248434415
1083140056
3585788155
819328582
439898816
431512566
830077902
1169914030
6168282472
422859160
666882351
463845423
402037896
1805144070
2974647782
823836517
818827571
149211640
219449052
220987323
377101057
853675167
413011851
1436052921
6112028901
735092338
286423920
1151966211
2662393718
1472870927
8038815478
912283352
887624576
689546251
565377310
1326701506
5805744953
1278991204
6227004271
581923833
239726955
1543211229
0316000909
745219497
158706726
1161411479
5456588942
401166080
773159861
1368320062
2985647893
732273033
283256718
958458942
625471895
856301027
916431127
1243522430
6654187810
1568623202
0727224718
583008940
165407651
582595023
525103998
308725461
596835162
1262762368
6223113201
1509371300
8609744919
337212539
906095591
636124604
457377316
940671244
575328170
1435701747
6378775807
1137353513
4740392996
1734343144
7924022644
420513579
417103362
1444209410
4614795041
758856023
240187973
1280749852
6882913190
462643154
396181279
935853730
633142819
518279293
613322229
403158235
509508273
1704043116
5856967220
1435529267
8867896762
478245497
159769584
418971562
160709156
1463573153
7733984340
326581785
759930634
542582281
855676368
1507409101
8483735955
823094932
811168718
1567687836
1992228016
1733224089
8679259879
363635289
900118869
1708024613
1749588845
740012037
637431830
863469167
858131365
414733288
501135892
1316366533
3033803239
1181812923
2844124231
1684491973
8461757489
913930868
655055607
439879316
689735558
1254874332
7942070601
1195304894
9422778712
1417785206
6256085291
1139504357
0535488450
1304361068
8900456630
1236450042
6154802783
892064903
455729683
1686048588
2931498075
513628360
016637773
1666453050
7001841656
822639609
945525271
1004509162
2969049531
360131468
594725618
1591719943
3263138262
1170959586
0055354548
921941082
127510699
708845369
209945076
76136003
25074185
1356922511
6953856920
464261124
040077026
1792796420
1380516225
170155867
111409879
858187709
995464125
1165832333
9892394279
713608671
569054437
291230586
538460892
883036091
146696491
992713232
096744600
1755885079
0707509772
1262181764
1469787313
844456509
017476847
853521094
978803743
330708665
586062271
1816840347
2778628903
1842385192
3621614169
1205963772
3394766914
1496226410
7707370408
600114931
204348366
113726777
092284502
256962725
081692675
373857648
846081012
738000462
996956835
1299712878
4528928047
365482744
980406018
469377842
102607786
1570983029
5671892485
1212602884
7329538158
1487267613
6282195631
581701705
314872673
1489525196
8146872630
1633068464
5644797107
1264580847
4473067058
1469908774
1245763831
1614379870
7523764579
585820614
789342417
1566763176
9453658476
1484732981
4346744436
1053882828
7428982832
195978878
208512984
1392686282
4354900462
1305377639
9528322363
331610705
585319882
1569759593
4365722737
1521134971
3574646548
1682652405
3554412983
1578620832
8292690454
396595382
510320499
622918410
961761396
727458600
591477462
433645784
720090148
230348091
763302983
511778395
954262764
809296977
528156369
1586292254
1324716885
595684842
479263695
1821702886
8098764246
1780634407
9827804378
1282529200
1768663437
1236450370
9478601459
666490385
660575077
1448911691
0074491602
975563561
480771332
1241360565
9067293582
786508179
959067632
737451522
563649886
1190474724
5521972641
1049023474
1260744461
1300371146
4383763705
1298177048
6538512337
416646603
772685212
1816418338
5237938695
217870115
259345988
379023533
120771510
1758204627
2378517399
1723999254
8331793577
624971891
638850334
1716101179
6329524367
191534369
225743792
232254153
300426551
813944593
942631141
1149602012
3508829919
1121195190
8346804353
313627119
236773294
614056236
710869901
275004901
163067829
1767574239
0479594340
119185173
872260975
215936978
282252853
849805146
573526319
686671151
463994303
1756115797
2545630762
1069888796
2219400577
247284750
231154259
106327199
081724510
1208589358
5322850944
1310960390
8400551770
746610621
911949219
1217952569
2778151549
1558091936
4492071185
1823234017
7886085752
1761899405
4604448376
1353375542
7682204798
542648384
970827480
1300728310
1227095525
923674814
973106588
618504222
398107716
965927722
884522485
1653237476
4683763435
1728480218
3146034980
822496932
586941931
1339499799
3249352560
1488584817
3201499824
361547920
274701809
1007716048
6961905255
274962555
450644527
345591557
631481234
707059134
878555631
105371987
775590977
1251216730
8521767204
1637420768
8120451184
634366699
977700964
474823424
646861760
220583945
234357133
741304822
637546371
621244647
570588019
150221727
806408447
1162378142
4183409784
1038032045
5263442025
140131449
550439322
137957246
498713913
1647129499
7695281183
201994708
422131609
1165385666
4429701891
645874057
463682785
246887330
846262427
1247765754
0857868850
1588812059
7999979419
1086137357
4475071255
1672847221
9920143634
548234782
429024241
1465515234
6123410059
262207581
715366662
1838697578
2993039630
1760556583
5150042676
467316874
230424086
506658885
064722755
1612650433
8365848213
775422328
479245857
1810543478
1578966610
1022481670
8884902779
482475860
575249606
646063495
819716985
1211966677
6278248002
621528823
561628116
440738301
778300433
1570273684
0968466928
985125278
975890162
158537291
911082652
802533553
159527022
258113345
413154750
1187103141
8334251384
1284537346
8148321004
1045658729
2894518234
901686399
234079382
350319828
504061205
1084217087
5500155766
1002951454
8681844418
790016346
861959969
663857460
789815507
1204194501
6948516127
162832394
030910337
166416140
458384020
561551497
871450850
685949873
920044563
966163642
272167432
1701651972
8133750218
1310011665
3282762947
615651763
393613897
927489288
297665592
477716252
639316189
1309982247
9037401503
778640437
868505364
870890936
684534059
643936385
512264087
1181551327
5937162778
1621435331
0630662054
1172910176
6931563715
459856172
905956153
446837726
924056761
632874986
829347093
1675023303
5492447877
457562421
785400105
1819446254
9833768710
343239900
810457545
1654167935
9026386119
389172013
345269402
1053993622
0651834301
826877619
596705627
1641189177
7341118218
304709907
918301888
1058353994
9454859326
114895864
162800217
1233534280
8847040963
1004852287
2714949487
1529600679
2361042416
639154658
702994172
1555774834
9542699061
881123687
772360279
1558430568
5289608035
550758789
716937333
661507267
067136244
1280386481
0746832375
1053926416
6239406277
538417605
785919458
281058000
484971091
1427408532
3341120878
766546352
257238461
982298785
441980226
861208365
626698840
1266849228
7313950340
1184113629
5577197135
1663578872
9199417423
1647365063
0089930970
758756238
174433516
195603432
133694520
582886653
287589104
1606915411
1794954245
457944665
840527908
1535725386
3514569931
881285074
869543469
174797688
318280660
1535890579
1689339773
630827021
573755371
205303844
644882147
1214176688
0618992146
1628393062
2836273516
743775073
741551444
1823438302
1895689718
836037456
701101067
744312761
177219161
1306578250
0067047100
1043886232
4872621278
464604483
153532707
448260414
060254421
1475741608
2659185996
1754762029
3652024647
1024216677
9195987800
295210456
088908481
1310807030
8487730167
406948913
697245463
177812042
654213004
120788804
365307610
427785970
337181737
478237131
909976842
1540351574
5783003866
1348275250
4286027226
1422935335
1227460080
1396271450
0031649263
1051200067
7293339590
807259466
502400779
1315022650
2240752258
1410326026
4252885233
343005244
207542079
1021466134
1997494227
901024272
639712259
1631706592
3387762154
1200675040
7572508868
1619773241
0809790170
67456702
11534550
1481382722
8540233568
1662211373
8460606989
115266246
464978040
327576212
112508098
483948082
056588454
448085439
202731583
827210652
156039218
1112042411
2270651832
662889118
684154242
607961481
147727753
1050580352
1124735655
1469145670
3444475766
1221979904
4762262759
863256952
734029486
591470594
013870395
191911976
598738135
1247357650
4418089146
1070755164
3651088398
851304492
873242243
600635487
207835669
850984408
548585037
555688128
215188488
574048383
400184338
810015280
429649627
309928114
821100408
990910402
567656213
1410273085
7467860318
685875851
476755510
486188179
381325771
1600681632
8938763694
958520355
049577986
1062967673
0594306253
813978206
020920691
102098845
268458820
492012768
372346011
892732644
677427267
1638105034
7628016244
59254781
60317224
1324491881
9792110506
628223842
886937314
1225010196
3807488592
297754106
530318897
1045377123
2188061126
656934694
284831263
254668423
659398464
1557806459
0762733008
557628203
615924576
1228890815
1533770212
486235549
926797165
527745324
775279457
1664433428
6649409190
752967469
714396184
368820363
130198870
1293060881
8586241280
354919787
528857274
750165073
605706839
814752985
354387617
908171186
878655668
1201106654
6274450691
1180096128
0783005080
756840153
157245258
117955820
622424946
1759294368
0987192202
473984400
741440218
882707340
162968793
309789954
907712489
1550722794
9057140399
1486981812
2231361761
112451500
769971456
439716156
699836309
1350866745
6086867375
287621618
859777367
1617023965
6308400479
588555797
285402188
619476489
451018518
1072491132
9571363142
626503072
380730359
788768093
417440523
784254133
604303306
725474199
344321752
1745404258
9798488190
740426159
516391704
1547140247
6088261048
1039078812
4477508850
1201945769
8414145902
1179206402
2099426313
571568471
051232623
1189110748
1521617663
1720283563
7817275226
531753508
080129562
283575383
552726361
315019907
904432715
1199158754
8258644110
194020300
879286525
1259114347
6434075647
186304345
876868246
645893785
865294846
233292023
955476615
948347925
175625367
324192126
271087156
233454705
662861464
1209132083
1453894684
592241880
473290782
1743107639
0799893476
1584330258
4795680245
306427891
482914798
921513528
489164445
314296778
165182866
951537126
117397837
760865918
874317594
813477132
807101392
1597061807
4215550331
914440953
309167200
299382980
843718861
104749896
936570258
583924192
254546146
1524549069
2880114873
181584771
257490908
470124623
234444487
1239105209
3988086290
636026055
563733727
1324594702
6581929290
863044600
876195489
578506438
666596904
682241220
194438234
1801975377
9297806670
1091235219
5724066379
164019761
105954026
1465149241
1727514562
1065782999
0492001896
1208600302
8311150285
114891439
465097853
372465382
127257860
287644348
411732019
1406957711
0118280643
494530800
461350110
1796748383
6155290218
1312185693
6158621682
1690189703
6150900307
482258619
946079638
1475471732
5042070186
490806140
184743404
1477514846
9949800864
297362970
964610045
231264898
953803025
1492870490
0940148743
1822033551
3014769071
695818783
995545450
782328505
675113745
1425576356
1948595232
1185419460
5002163953
723486547
681724856
467451075
665394995
238150124
581367751
1072611696
5437991436
212234571
370617058
1613770272
3765075597
308670632
448756297
134308313
423818099
469699756
706259673
911355595
260726025
925159292
937425576
285711164
125179774
1814370198
0362224843
407751655
334501698
1155639735
6404333297
1710748595
1957159789
197790670
207535193
1162658864
4007915731
151611183
117891672
910594436
868353854
1686674569
8706690274
1733924530
0457604041
1779578198
1600919874
410286186
571130444
1256565695
5068730160
1081452608
7882120156
451011827
629008606
1355229283
4433695569
853682294
079607485
448125984
563278078
552375838
195814799
1614872557
8632368285
1574589452
5240560402
1540329079
6212777594
504792819
164101201
300321408
101485706
1535615097
4634428086
657973071
164487636
766694579
591071038
294301179
820614538
1549377662
7560393479
1344510161
9795988474
1293816778
9675643371
319587424
360300727
1260468846
9378652971
416471217
827807331
318196907
745173246
1781023379
3686441264
331547872
410360071
116505524
195422837
820291981
324465206
458193090
950980607
1741616102
3646473523
1459506111
9249430008
649993419
404991487
1403592459
9917046180
861978288
963361912
341552279
553000444
802379722
791754724
740946289
356353783
576434497
113593010
1223800695
3401767215
1710231883
4905390764
1607591095
9526383035
1684586560
8569098900
1233771090
0484593595
1717959445
0361117118
582714241
888261542
1670109500
7334081788
864536302
082392828
1273366132
7155251648
274826831
409992733
829907233
498141100
371031573
632554647
538060441
740304390
1791220849
7912730445
318245901
071157785
1602227786
8082428887
177000565
101067648
751049828
994321550
1740804546
0573683373
185131718
907636558
1543828713
2231821651
1152816395
7164529045
531776186
225446412
780569195
859804439
962826262
129267616
1844420974
0711825458
139878544
704759028
1334799897
2778894381
174341676
967352319
405780236
064252457
201542898
019927801
1148992815
6273754131
948787725
931557610
1362870797
7117057446
1637485970
7762088761
587503513
842285480
693345675
147786859
1374656487
9794229147
1822259287
1549556083
1410621411
0409751695
1058087293
9047076606
199912035
461504048
1178153671
5662709815
710568659
843656374
1160469549
2936469571
911423808
851275288
250141349
874241159
815357236
643733008
1589539270
1227132512
1290963446
5941517049
1310743893
2013740221
328902867
123748960
974378484
662662199
1487379506
1692059193
1030040209
6956534907
1322806126
6158113967
596802622
013151854
1718405629
3650093893
671580954
555921353
445492255
834995917
1624450316
5299493423
338350659
015350253
873999653
414744338
1120877031
3758881321
1628319822
0725798986
255923330
327505996
917203314
916248169
1394222188
4568739937
1232382774
7249264545
379999094
264563658
1641752025
8113652191
405712244
615849817
965960904
879302363
213664144
477072011
339060551
074224180
760728199
206613553
928342407
198736999
491098665
926685615
105130851
803784870
1831402561
0826246607
847574128
172218123
906958396
950134049
976573544
407044121
1202657315
4063744605
254892258
212128859
1701299263
6171126242
1497233035
2298730500
231619613
947971085
277251568
887549109
1718786066
1989698935
995853934
652220454
322723614
773882657
977121373
105943429
1762978225
1792290607
126497818
270743862
183266450
090495010
1293128169
5891220337
530885461
271749750
1468682062
7848041570
1831326528
7516592695
1364139933
7837949237
1566165597
7636187407
1663144262
4850872845
1282412728
3999073853
1464909860
3095618150
1258597111
4339423967
1153229394
3630526528
237600583
209490260
1721527914
3624112376
942186679
637754235
273088621
299648156
919216716
307491507
1208147981
2751883556
1536588056
3684659952
304668587
979552433
1681018183
5265375238
423107571
452233481
1539312361
3768576847
863729345
747230476
703640716
613096934
1617134615
1407442709
733736571
458378086
1402224581
2061545956
1025897741
2857134962
295903679
705484168
134522188
997153207
966005991
085843170
636663547
501347750
1437628110
5467891107
1661925015
8243791833
200660891
507142613
544184375
236668591
201237655
211405713
485858953
572631599
563061355
783455043
1433473756
6493036623
1039290958
5092465196
1645168107
6029959762
562148798
514851894
1436231661
1774102984
229103724
929958760
217221802
184118581
389173212
422244549
904327763
214680742
1448328592
4302787599
1508536137
2044098631
1242715876
2921574427
616894890
299337222
1430729621
8028046873
1449358705
6887906316
660397443
681631813
1016705733
2203651428
355087261
636383140
736748482
524402157
1715463966
0813899067
265860671
040821378
1649248874
2085830384
915247457
584115728
1022572769
2907670115
250147343
069531829
1219701260
4862268660
223870854
267967726
758202947
373695994
1468065659
3462816061
442615838
796549520
1082207442
5017732924
732266966
712126694
1734601099
4803640206
1682984032
5387326204
222283896
352923675
502059245
077657148
879524307
781461600
1197677015
2267136126
1532366060
6318577152
1515909550
1514409525
381271228
706895392
604681717
643775459
864320195
515564900
1207408437
1053302205
503729968
260185217
758409169
685017861
423891188
636120909
383856536
484154176
1641384271
8051579453
401798193
905284335
1693455049
0207448827
1274811045
1695233580
1259712923
3414449820
604417140
541684537
503076545
817262157
737874999
176860777
322240219
375186630
1345404832
0317908677
1303357133
7761295371
712685547
740538127
800112188
222048497
1516064247
9946143676
817028419
179628711
948148467
433531513
1491736307
2494101150
400530496
703976374
454900673
025575850
217408690
510019274
460788978
469447461
1204221299
1643618133
607363192
279697837
1315939983
9173810773
938554101
604324306
160239843
925698986
1059588512
4584484786
299587093
570531318
789592673
537347406
1618823534
3257932593
496464620
727233935
861734003
273459466
1012231124
0288784338
1354490073
7656846556
1408998748
2956573200
1541952620
4221308277
1601743666
9942754963
135741301
592901328
760321758
940455247
1533849552
9062163206
1657936756
6399096852
878399217
807119996
772882070
900915995
937617551
474297616
1722767154
5609990729
1475054411
7770459555
1005190261
6819596223
1529566341
6151439685
1337403521
2317213981
793263359
370459754
1487423592
3663273392
1571203880
3145913663
970215940
114379086
1821566977
4911413460
1463033117
0768390340
744127159
496593179
1220025125
8553986351
243132529
084197226
603624727
642497204
265341411
649152200
1832452851
1507135461
310283230
970196951
211194018
797576606
246861856
349444981
147488338
468507124
721104899
328936249
189667354
652917993
1483750748
9691170008
933210801
053082072
1355386160
2487973830
429519703
247422884
992292065
557906207
237346114
149953381
400553078
333129900
523624212
690663880
1229307375
8053178996
1261033606
9465638193
1271086646
7826148083
1296684216
2696773944
933279525
032284226
1244058136
3689201515
1131997039
5521045900
1333231427
1898576342
1269302518
5469371557
1340938324
2692589598
1604756201
6272433957
499197146
009891163
600336128
353391081
982095606
721655158
793222234
254208380
912026773
957393146
290785740
641377031
913490576
163795592
288475226
913761915
112419698
105423254
192766391
848307372
1490486206
7296665670
443359073
246373796
256900721
036136853
671829191
421044365
149895860
457803593
767674938
820856079
369368747
307488795
179032250
498592170
1208603570
8596641730
294719349
464183975
1482198057
6254259257
956676930
845227561
1224139854
5685627897
700939485
207281114
332996607
231016723
1435690644
5817144982
1711003178
7236275457
1438927543
4819097130
1133480351
2704237292
887289128
618578807
692360432
410110891
1685811207
8821592860
406691420
066546916
684908624
619571389
1732058049
1763065868
113690142
825349872
1110094640
8031401814
695834325
301710867
1271456100
7475207827
836639894
544906124
565413221
073824593
1259248999
1741036454
447112538
847892297
345628481
116932247
927668105
426930028
1351946548
1385583346
1058975652
2335073688
745141822
822792851
609607441
590477393
1665404232
3379455990
1091258266
5210900153
1255468941
2613362901
1118867570
0095857058
1626273356
6184589759
686055007
751122879
732033460
095871548
707563759
750759477
1061434491
1408927076
1095731608
7543825487
299124686
005192896
1488324581
9143047086
904710274
336997823
565400071
379100080
417108615
333697105
196432751
369111262
1309681352
6513832376
1572565844
3827554070
699839728
821584794
918502608
035773108
182377125
473194662
143055687
514891740
465788821
818932690
254568898
043357695
1654192419
9829287942
963377944
548115875
430727513
838513195
1264961806
1227025218
1437745381
9979876311
1783818970
5778859644
678079290
613471455
208995403
555164240
855090266
060945728
1814696660
6539268810
979887155
913788361
1114930049
0405771085
166092973
342710163
765800652
955911369
1468793970
7788101709
434103796
965919466
527829385
847459439
105220426
113546181
1038085426
4585824340
819921999
075613431
367471233
778456872
1478893158
6560531503
152388320
745538044
712647730
902749405
923779244
177049925
1637357310
7881779254
1126525440
7660711976
305190461
774329126
741590346
811782922
1579586077
9599207217
777642765
928333743
1498668744
0553409111
451436145
261429689
583303565
154694298
894293137
075244001
580248227
103850327
219204411
193303507
1326134850
5033801517
1383892346
0170821592
766881966
815880820
1631603048
0236299349
765300141
554772095
1337453091
9613260147
1163467525
8113650844
1719187921
4566411491
301784060
908315633
562163416
815625929
561368546
727674240
630446953
494437986
697729841
646391442
367824565
053969246
655347089
833216810
433647727
851448277
782729952
000514004
1366504563
0483009428
116516811
437933580
1235048075
3791425388
1703510171
8979135724
1176818517
7454542211
363192410
754597792
1722865152
2566823041
1267742701
0839923812
1320042566
8748255889
1101833787
5030315942
888116260
735213451
1192858771
4915065635
780109334
549131361
1802794300
6901106023
711661993
094193831
1473106187
0625059961
1049869001
1952598354
1766090079
8315119410
822438195
388017146
1452598561
8098107909
706385789
636099029
453849806
009443938
1253386639
5318175028
1153996491
1530605926
424884284
768934188
1763039410
5538349077
1057469341
3722767763
1310495356
9231958662
1058733105
5798411205
1010139462
1672219001
103512327
190879243
1467396435
8806265650
102548570
385364170
958851382
266296012
444428430
876405893
905305917
989631531
1023065234
4850991886
360507326
740453429
1674650777
6676575736
415409771
829058122
200852996
670734962
1801045258
5391510821
549946213
478775690
296981734
156439868
1008620700
6119305683
644336188
092968839
1828579791
5705835240
186001960
192020090
472179769
121242209
222978524
156132097
831685162
627103170
1652634794
9721785790
545585874
508534867
1390506240
2864480375
1009557574
7162581353
454492620
604669975
145693669
463244480
1206881024
0244010092
1321111863
2394957069
986989490
765764469
1791416991
1390478444
473415785
438332756
142372042
858557856
1097804815
1283719417
712819472
577897468
775220995
373846486
1382031740
8244449217
1828292005
9494131478
713581544
050897145
905250382
471619954
602623713
925881400
1578005313
4777541076
1091372403
7267307889
469608510
996850427
1049465897
4165064499
919160683
860060997
1001511296
8153104861
424186071
959953164
136200164
877212944
1207247487
8170370780
513507856
170510080
1425647286
7112407884
788810993
428773541
974277089
415096737
743631951
293834990
1308368086
2099119743
427607439
360929453
417939480
807460593
123197015
569765718
149548002
962114007
1112475795
3531486937
1158972714
7209596990
687061910
221988323
600372367
206979197
809886560
977011752
171945176
481842612
308110512
998861601
884241755
622594527
1549936603
7175684978
1404148071
8060029843
1016755745
7851483567
379367061
656708492
1034600737
7577820875
1083693187
9351143775
659398514
274860367
878270140
843920892
1561699067
1044858486
1695194307
4074117943
244646009
881268749
522639172
802317283
963285851
320842035
919184163
882883428
1333947881
0696008837
360949439
503664949
1605276123
2100535459
638448880
633758291
102596295
551317490
350939725
982313354
1275153280
5048394795
1644716844
1768131615
118797725
236554996
841337449
912459563
929301517
374503162
736692868
349903688
1488029478
1815882556
1208706662
8092294867
790962803
513960963
636487236
724686380
1625440845
9550617342
621386144
359770183
1461045756
6702557477
345592436
881413036
447298940
174676365
1746513037
1623380613
452174269
836017729
1743960885
3506734891
1141975499
9862702193
210239200
557486707
1318433479
0994222679
1286533449
2374316854
1039716138
3102680071
475143505
532303897
298166947
553771072
211478030
493042359
1388929424
8684919770
393868105
328870545
1435182704
5090240097
772024429
710810366
479909218
603559807
1593644337
6664268947
788924395
550483660
1011564290
2768239961
1739581555
3524888518
1247709968
6713632230
814380908
937380139
1506750540
8829711666
1649723820
0963987303
1497078274
3487419693
1216123639
0682197681
1432775311
8034130197
1340011755
5983271089
660025280
514974572
1133129064
8896235992
692123964
697021641
789813046
389614721
790861213
409702853
1329935384
0946916360
735327567
373117642
599144583
013885032
469958336
002691907
205784765
475493979
547840810
756638075
434250658
189684492
811303174
875148647
356995801
612756961
858960299
359323446
166121361
873709938
1351379814
8425803654
1022454810
3737921851
1510470053
7628989299
398487908
910897015
708029681
367794933
1186968777
2757202175
1508279742
7183862001
1787330101
4100544711
379806841
713561750
1627807747
8792270984
266259852
802076922
1570112730
8011400588
835193607
418532905
242556562
515653026
212474071
854288206
1387601949
0899510103
1725367165
7304501510
1477377547
4136596587
772413944
178024693
640050598
354559981
896531812
725973091
1530973176
0851944485
1130883171
6397442567
769050284
143264591
1437640062
6092602149
1634069340
0487679746
256920042
479977642
1443174054
5468903641
692627502
917639587
736070117
622858660
1240557462
2555015311
167084541
253100524
308892764
537907287
1773948342
3482057693
609660160
302816599
801203959
185557078
1150304205
4981622971
620089051
267650656
1494366776
3054879901
1180955220
0657131871
840992938
423909573
1759921292
5203901968
146431217
903292042
966781989
779599280
869892626
284280314
175331940
841526269
1000107866
7907435841
423405990
177579786
671173005
104966387
1340103670
2842030618
762796252
858310563
503517135
496165598
1837435895
0802560162
932275316
770375491
362232315
394735567
303335564
896280393
1829500125
6646156315
1251551027
5142443958
385944063
978770624
302416160
252218919
576232848
039770926
1777722455
5656002330
1430922577
2064562630
586032778
203719587
187414492
991144189
1490848970
7765722525
1018262214
5743685489
1338994357
2766453874
214617129
151213215
1321783326
2622692832
950331864
523893227
1149876690
3758889835
715244207
139364031
339060514
726556860
238716200
618438728
520697371
034064946
1690600787
1643758302
400310720
280332476
482183671
810432514
378731288
906313195
1587830267
9121381781
857408128
821556695
1179487152
6055885061
400085411
546774566
836697282
248806146
552484618
369111022
504864023
899421320
809506822
995599861
754736159
939179272
1719008499
1913927886
1377929658
6324663969
1538787855
3874792199
1747099566
8915260055
348209195
163306324
1056330271
0829741618
1391966819
0004450198
1155954940
2574126074
754052895
207299773
1308132406
4896018728
501654111
548993646
245730738
342395036
1626132179
7825841404
1675208435
8068633911
69606138
53461527
1558181043
9559631622
1727123680
7222679701
1628987347
1365621063
1722042983
9264193288
268861252
614364057
1713492078
9160580509
1296837908
8029033755
141776738
791010330
253854369
328119220
1589697980
6300748684
1412061210
8965687512
1258468268
5351616622
975756771
417653165
1578857526
0498756374
1813289138
7785279449
564397252
197527675
1228862831
1000202778
1403304224
5096512311
999923779
970772202
755687267
412411295
1696968398
6178983974
